cases,deaths,negative,positive,GeoID,Date,SUMLEV,daily_change_confirmed_cases,growth_rate_confirmed_cases,growth_rate_deaths,weekly_change_confirmed_cases,weekly_cumulative_change_in_confirmed_cases_percent,monthly_change_confirmed_cases,monthly_cumulative_change_in_confirmed_cases_percent,weekly_change_deaths,weekly_cumulative_change_in_deaths_percent,monthly_change_deaths,monthly_cumulative_change_in_deaths_percent,percent_pop_confirmed_cases,percent_pop_deaths,confirmed_rate_per_100k,deaths_rate_per_100k,date,state,county
499297,21028,2069201.0,492848.0,00,Apr_10_2020,us,33451,7.18,12.02,222035,80.08,498034,39432.62,13126,166.11,20991,56732.43,0.15,0.01,154.63,6.51,2020-04-10,,
531011,23105,2177867.0,523893.0,00,Apr_11_2020,us,31714,6.35,9.88,218514,69.93,529343,31735.19,13639,144.08,23062,53632.56,0.16,0.01,164.45,7.16,2020-04-11,,
558150,24785,2290416.0,551906.0,00,Apr_12_2020,us,27139,5.11,7.27,220195,65.16,555926,24996.67,13957,128.9,24735,49470.0,0.17,0.01,172.85,7.68,2020-04-12,,
583894,26547,2398440.0,576875.0,00,Apr_13_2020,us,25744,4.61,7.11,216327,58.85,580996,20048.17,14217,115.3,26487,44145.0,0.18,0.01,180.83,8.22,2020-04-13,,
610541,29246,2523063.0,602795.0,00,Apr_14_2020,us,26647,4.56,10.17,211189,52.88,606941,16859.47,14667,100.6,29178,42908.82,0.19,0.01,189.08,9.06,2020-04-14,,
640557,31994,2629452.0,633112.0,00,Apr_15_2020,us,30016,4.92,9.4,209388,48.56,636050,14112.49,15321,91.89,31903,35058.24,0.2,0.01,198.37,9.91,2020-04-15,,
672162,34264,2760561.0,664129.0,00,Apr_16_2020,us,31605,4.93,7.1,206316,44.29,666256,11281.0,15492,82.53,34147,29185.47,0.21,0.01,208.16,10.61,2020-04-16,,
703651,36626,2886849.0,696010.0,00,Apr_17_2020,us,31489,4.68,6.89,204354,40.93,695301,8326.96,15598,74.18,36464,22508.64,0.22,0.01,217.91,11.34,2020-04-17,,
732031,38571,3001149.0,724047.0,00,Apr_18_2020,us,28380,4.03,5.31,201020,37.86,719638,5806.81,15466,66.94,38359,18093.87,0.23,0.01,226.7,11.95,2020-04-18,,
757385,40089,3133940.0,751646.0,00,Apr_19_2020,us,25354,3.46,3.94,199235,35.7,739384,4107.46,15304,61.75,39814,14477.82,0.23,0.01,234.55,12.42,2020-04-19,,
215161,5315,976633.0,215177.0,00,Apr_1_2020,us,26748,14.2,23.89,146631,213.97,215057,206785.58,4276,411.55,5309,88483.33,0.07,0.0,66.63,1.65,2020-04-01,,
784664,41919,3256488.0,776830.0,00,Apr_20_2020,us,27279,3.6,4.56,200770,34.38,760138,3099.32,15372,57.9,41561,11609.22,0.24,0.01,243.0,12.98,2020-04-20,,
810143,44587,3378656.0,802772.0,00,Apr_21_2020,us,25479,3.25,6.36,199602,32.69,777080,2350.3,15341,52.46,44132,9699.34,0.25,0.01,250.89,13.81,2020-04-21,,
838845,46897,3664945.0,831374.0,00,Apr_22_2020,us,28702,3.54,5.18,198288,30.96,795345,1828.38,14903,46.58,46323,8070.21,0.26,0.01,259.78,14.52,2020-04-22,,
872631,49065,3825578.0,863123.0,00,Apr_23_2020,us,33786,4.03,4.62,200469,29.82,818707,1518.26,14801,43.2,48296,6280.36,0.27,0.02,270.25,15.19,2020-04-23,,
909471,51192,4023483.0,897319.0,00,Apr_24_2020,us,36840,4.22,4.34,205820,29.25,840941,1227.11,14566,39.77,50153,4827.05,0.28,0.02,281.65,15.85,2020-04-24,,
943743,53152,4264407.0,933310.0,00,Apr_25_2020,us,34272,3.77,3.83,211712,28.92,858185,1003.04,14581,37.8,51807,3851.82,0.29,0.02,292.27,16.46,2020-04-25,,
970350,54407,4443794.0,960343.0,00,Apr_26_2020,us,26607,2.82,2.36,212965,28.12,867521,843.65,14318,35.72,52649,2994.82,0.3,0.02,300.51,16.85,2020-04-26,,
993704,55980,4612361.0,981134.0,00,Apr_27_2020,us,23354,2.41,2.89,209040,26.64,869981,703.17,14061,33.54,53693,2347.75,0.31,0.02,307.74,17.34,2020-04-27,,
1018356,58374,4790136.0,1006137.0,00,Apr_28_2020,us,24652,2.48,4.28,208213,25.7,875959,615.15,13787,30.92,55672,2060.4,0.32,0.02,315.38,18.08,2020-04-28,,
1045059,60888,4993013.0,1033157.0,00,Apr_29_2020,us,26703,2.62,4.31,206214,24.58,881196,537.76,13991,29.83,57532,1714.3,0.32,0.02,323.64,18.86,2020-04-29,,
244619,6542,1066598.0,243235.0,00,Apr_2_2020,us,29458,13.69,23.09,159061,185.91,244494,195595.2,5197,386.39,6532,65320.0,0.08,0.0,75.76,2.03,2020-04-02,,
1075474,63098,5193266.0,1062503.0,00,Apr_30_2020,us,30415,2.91,3.63,202843,23.24,887061,470.81,14033,28.6,58808,1370.82,0.33,0.02,333.06,19.54,2020-04-30,,
277262,7902,1166831.0,275234.0,00,Apr_3_2020,us,32643,13.34,20.79,174433,169.63,277101,172112.42,6144,349.49,7890,65750.0,0.09,0.0,85.87,2.45,2020-04-03,,
312497,9466,1362110.0,308752.0,00,Apr_4_2020,us,35235,12.71,19.79,188774,152.58,312269,136960.09,7179,313.9,9454,78783.33,0.1,0.0,96.78,2.93,2020-04-04,,
337955,10828,1455803.0,334718.0,00,Apr_5_2020,us,25458,8.15,14.39,195558,137.33,337644,108567.2,8126,300.74,10813,72086.67,0.1,0.0,104.66,3.35,2020-04-05,,
367567,12330,1577786.0,363465.0,00,Apr_6_2020,us,29612,8.76,13.87,203704,124.31,367139,85780.14,8974,267.4,12311,64794.74,0.11,0.0,113.83,3.82,2020-04-06,,
399352,14579,1700122.0,393874.0,00,Apr_7_2020,us,31785,8.65,18.24,210939,111.96,398805,72907.68,10289,239.84,14557,66168.18,0.12,0.0,123.68,4.51,2020-04-07,,
431169,16673,1814384.0,424045.0,00,Apr_8_2020,us,31817,7.97,14.36,216008,100.39,430421,57542.91,11358,213.7,16647,64026.92,0.13,0.01,133.53,5.16,2020-04-08,,
465846,18772,1946002.0,458260.0,00,Apr_9_2020,us,34677,8.04,12.59,221227,90.44,464828,45660.9,12230,186.95,18741,60454.84,0.14,0.01,144.27,5.81,2020-04-09,,
13,0,0.0,2.0,00,Feb_10_2020,us,1,8.33,0.0,2,18.18,13,13.0,0,,0,0.0,0.0,0.0,0.0,0.0,2020-02-10,,
13,0,0.0,2.0,00,Feb_11_2020,us,0,0.0,0.0,2,18.18,13,13.0,0,,0,0.0,0.0,0.0,0.0,0.0,2020-02-11,,
14,0,0.0,2.0,00,Feb_12_2020,us,1,7.69,0.0,2,16.67,14,14.0,0,,0,0.0,0.0,0.0,0.0,0.0,2020-02-12,,
15,0,0.0,2.0,00,Feb_13_2020,us,1,7.14,0.0,3,25.0,15,15.0,0,,0,0.0,0.0,0.0,0.0,0.0,2020-02-13,,
15,0,0.0,2.0,00,Feb_14_2020,us,0,0.0,0.0,3,25.0,15,15.0,0,,0,0.0,0.0,0.0,0.0,0.0,2020-02-14,,
15,0,0.0,2.0,00,Feb_15_2020,us,0,0.0,0.0,3,25.0,15,15.0,0,,0,0.0,0.0,0.0,0.0,0.0,2020-02-15,,
15,0,0.0,2.0,00,Feb_16_2020,us,0,0.0,0.0,3,25.0,15,15.0,0,,0,0.0,0.0,0.0,0.0,0.0,2020-02-16,,
25,0,0.0,2.0,00,Feb_17_2020,us,10,66.67,0.0,12,92.31,25,25.0,0,,0,0.0,0.0,0.0,0.01,0.0,2020-02-17,,
25,0,0.0,2.0,00,Feb_18_2020,us,0,0.0,0.0,12,92.31,25,25.0,0,,0,0.0,0.0,0.0,0.01,0.0,2020-02-18,,
25,0,0.0,2.0,00,Feb_19_2020,us,0,0.0,0.0,11,78.57,25,25.0,0,,0,0.0,0.0,0.0,0.01,0.0,2020-02-19,,
8,0,0.0,1.0,00,Feb_1_2020,us,1,14.29,0.0,5,166.67,8,8.0,0,,0,0.0,0.0,0.0,0.0,0.0,2020-02-01,,
27,0,0.0,2.0,00,Feb_20_2020,us,2,8.0,0.0,12,80.0,26,2600.0,0,,0,,0.0,0.0,0.01,0.0,2020-02-20,,
30,0,0.0,2.0,00,Feb_21_2020,us,3,11.11,0.0,15,100.0,29,2900.0,0,,0,,0.0,0.0,0.01,0.0,2020-02-21,,
30,0,0.0,2.0,00,Feb_22_2020,us,0,0.0,0.0,15,100.0,29,2900.0,0,,0,,0.0,0.0,0.01,0.0,2020-02-22,,
30,0,0.0,2.0,00,Feb_23_2020,us,0,0.0,0.0,15,100.0,28,1400.0,0,,0,,0.0,0.0,0.01,0.0,2020-02-23,,
43,0,0.0,2.0,00,Feb_24_2020,us,13,43.33,0.0,18,72.0,40,1333.33,0,,0,,0.0,0.0,0.01,0.0,2020-02-24,,
45,0,0.0,2.0,00,Feb_25_2020,us,2,4.65,0.0,20,80.0,40,800.0,0,,0,,0.0,0.0,0.01,0.0,2020-02-25,,
60,0,0.0,2.0,00,Feb_26_2020,us,15,33.33,0.0,35,140.0,55,1100.0,0,,0,,0.0,0.0,0.02,0.0,2020-02-26,,
60,0,0.0,2.0,00,Feb_27_2020,us,0,0.0,0.0,33,122.22,55,1100.0,0,,0,,0.0,0.0,0.02,0.0,2020-02-27,,
65,0,0.0,9.0,00,Feb_28_2020,us,5,8.33,0.0,35,116.67,60,1200.0,0,,0,,0.0,0.0,0.02,0.0,2020-02-28,,
70,1,23.0,18.0,00,Feb_29_2020,us,5,7.69,0.0,40,133.33,64,1066.67,1,,1,,0.0,0.0,0.02,0.0,2020-02-29,,
11,0,0.0,1.0,00,Feb_2_2020,us,3,37.5,0.0,6,120.0,11,11.0,0,,0,0.0,0.0,0.0,0.0,0.0,2020-02-02,,
11,0,0.0,1.0,00,Feb_3_2020,us,0,0.0,0.0,6,120.0,11,11.0,0,,0,0.0,0.0,0.0,0.0,0.0,2020-02-03,,
11,0,0.0,1.0,00,Feb_4_2020,us,0,0.0,0.0,6,120.0,11,11.0,0,,0,0.0,0.0,0.0,0.0,0.0,2020-02-04,,
12,0,0.0,1.0,00,Feb_5_2020,us,1,9.09,0.0,7,140.0,12,12.0,0,,0,0.0,0.0,0.0,0.0,0.0,2020-02-05,,
12,0,0.0,1.0,00,Feb_6_2020,us,0,0.0,0.0,6,100.0,12,12.0,0,,0,0.0,0.0,0.0,0.0,0.0,2020-02-06,,
12,0,0.0,2.0,00,Feb_7_2020,us,0,0.0,0.0,5,71.43,12,12.0,0,,0,0.0,0.0,0.0,0.0,0.0,2020-02-07,,
12,0,0.0,2.0,00,Feb_8_2020,us,0,0.0,0.0,4,50.0,12,12.0,0,,0,0.0,0.0,0.0,0.0,0.0,2020-02-08,,
12,0,0.0,2.0,00,Feb_9_2020,us,0,0.0,0.0,1,9.09,12,12.0,0,,0,0.0,0.0,0.0,0.0,0.0,2020-02-09,,
1,0,,,00,Jan_21_2020,us,1,0.0,0.0,1,1.0,1,1.0,0,0.0,0,0.0,0.0,0.0,0.0,0.0,2020-01-21,,
1,0,0.0,1.0,00,Jan_22_2020,us,0,0.0,0.0,1,1.0,1,1.0,0,0.0,0,0.0,0.0,0.0,0.0,0.0,2020-01-22,,
1,0,0.0,1.0,00,Jan_23_2020,us,0,0.0,0.0,1,1.0,1,1.0,0,0.0,0,0.0,0.0,0.0,0.0,0.0,2020-01-23,,
2,0,0.0,1.0,00,Jan_24_2020,us,1,100.0,0.0,2,2.0,2,2.0,0,0.0,0,0.0,0.0,0.0,0.0,0.0,2020-01-24,,
3,0,0.0,1.0,00,Jan_25_2020,us,1,50.0,0.0,3,3.0,3,3.0,0,0.0,0,0.0,0.0,0.0,0.0,0.0,2020-01-25,,
5,0,0.0,1.0,00,Jan_26_2020,us,2,66.67,0.0,5,5.0,5,5.0,0,0.0,0,0.0,0.0,0.0,0.0,0.0,2020-01-26,,
5,0,0.0,1.0,00,Jan_27_2020,us,0,0.0,0.0,5,5.0,5,5.0,0,0.0,0,0.0,0.0,0.0,0.0,0.0,2020-01-27,,
5,0,0.0,1.0,00,Jan_28_2020,us,0,0.0,0.0,4,400.0,5,5.0,0,,0,0.0,0.0,0.0,0.0,0.0,2020-01-28,,
5,0,0.0,1.0,00,Jan_29_2020,us,0,0.0,0.0,4,400.0,5,5.0,0,,0,0.0,0.0,0.0,0.0,0.0,2020-01-29,,
6,0,0.0,1.0,00,Jan_30_2020,us,1,20.0,0.0,5,500.0,6,6.0,0,,0,0.0,0.0,0.0,0.0,0.0,2020-01-30,,
7,0,0.0,1.0,00,Jan_31_2020,us,1,16.67,0.0,5,250.0,7,7.0,0,,0,0.0,0.0,0.0,0.0,0.0,2020-01-31,,
1018,31,7552.0,1280.0,00,Mar_10_2020,us,270,36.1,19.23,893,714.4,1006,8383.33,21,210.0,31,,0.0,0.0,0.32,0.01,2020-03-10,,
1263,37,10908.0,1672.0,00,Mar_11_2020,us,245,24.07,19.35,1102,684.47,1250,9615.38,25,208.33,37,,0.0,0.0,0.39,0.01,2020-03-11,,
1668,43,15575.0,2142.0,00,Mar_12_2020,us,405,32.07,16.22,1440,631.58,1655,12730.77,31,258.33,43,,0.0,0.0,0.52,0.01,2020-03-12,,
2224,50,23769.0,3004.0,00,Mar_13_2020,us,556,33.33,16.28,1913,615.11,2210,15785.71,35,233.33,50,,0.0,0.0,0.69,0.02,2020-03-13,,
2898,60,27532.0,3741.0,00,Mar_14_2020,us,674,30.31,20.0,2470,577.1,2883,19220.0,41,215.79,60,,0.0,0.0,0.9,0.02,2020-03-14,,
3600,68,34106.0,4842.0,00,Mar_15_2020,us,702,24.22,13.33,3053,558.14,3585,23900.0,46,209.09,68,,0.0,0.0,1.11,0.02,2020-03-15,,
4507,91,50480.0,6131.0,00,Mar_16_2020,us,907,25.19,33.82,3759,502.54,4492,29946.67,65,250.0,91,,0.0,0.0,1.4,0.03,2020-03-16,,
5906,117,63931.0,8254.0,00,Mar_17_2020,us,1399,31.04,28.57,4888,480.16,5891,39273.33,86,277.42,117,,0.0,0.0,1.83,0.04,2020-03-17,,
8350,162,85993.0,10865.0,00,Mar_18_2020,us,2444,41.38,38.46,7087,561.12,8325,33300.0,125,337.84,162,,0.0,0.0,2.59,0.05,2020-03-18,,
12393,212,109195.0,15063.0,00,Mar_19_2020,us,4043,48.42,30.86,10725,642.99,12368,49472.0,169,393.02,212,,0.0,0.0,3.84,0.07,2020-03-19,,
88,3,81.0,40.0,00,Mar_1_2020,us,18,25.71,200.0,58,193.33,81,1157.14,3,,3,,0.0,0.0,0.03,0.0,2020-03-01,,
18001,275,139579.0,20834.0,00,Mar_20_2020,us,5608,45.25,29.72,15777,709.4,17976,71904.0,225,450.0,275,,0.01,0.0,5.57,0.09,2020-03-20,,
24526,358,177800.0,27367.0,00,Mar_21_2020,us,6525,36.25,30.18,21628,746.31,24499,90737.04,298,496.67,358,,0.01,0.0,7.6,0.11,2020-03-21,,
33063,455,213435.0,36334.0,00,Mar_22_2020,us,8537,34.81,27.09,29463,818.42,33033,110110.0,387,569.12,455,,0.01,0.0,10.24,0.14,2020-03-22,,
43500,574,259891.0,47013.0,00,Mar_23_2020,us,10437,31.57,26.15,38993,865.17,43470,144900.0,483,530.77,574,,0.01,0.0,13.47,0.18,2020-03-23,,
53924,769,318338.0,57179.0,00,Mar_24_2020,us,10424,23.96,33.97,48018,813.04,53894,179646.67,652,557.26,769,,0.02,0.0,16.7,0.24,2020-03-24,,
68530,1039,389531.0,69473.0,00,Mar_25_2020,us,14606,27.09,35.11,60180,720.72,68487,159272.09,877,541.36,1039,,0.02,0.0,21.22,0.32,2020-03-25,,
85558,1345,472679.0,86789.0,00,Mar_26_2020,us,17028,24.85,29.45,73165,590.37,85513,190028.89,1133,534.43,1345,,0.03,0.0,26.5,0.42,2020-03-26,,
102829,1758,557076.0,105462.0,00,Mar_27_2020,us,17271,20.19,30.71,84828,471.24,102769,171281.67,1483,539.27,1758,,0.03,0.0,31.85,0.54,2020-03-27,,
123723,2287,642089.0,124815.0,00,Mar_28_2020,us,20894,20.32,30.09,99197,404.46,123663,206105.0,1929,538.83,2287,,0.04,0.0,38.32,0.71,2020-03-28,,
142397,2702,711387.0,144297.0,00,Mar_29_2020,us,18674,15.09,18.15,109334,330.68,142332,218972.31,2247,493.85,2702,,0.04,0.0,44.1,0.84,2020-03-29,,
104,6,229.0,53.0,00,Mar_2_2020,us,16,18.18,100.0,61,141.86,96,1200.0,6,,6,,0.0,0.0,0.03,0.0,2020-03-02,,
163863,3356,807613.0,165521.0,00,Mar_30_2020,us,21466,15.07,24.2,120363,276.7,163793,233990.0,2782,484.67,3355,335500.0,0.05,0.0,50.75,1.04,2020-03-30,,
188413,4290,894230.0,189998.0,00,Mar_31_2020,us,24550,14.98,27.83,134489,249.4,188325,214005.68,3521,457.87,4287,142900.0,0.06,0.0,58.35,1.33,2020-03-31,,
125,10,433.0,94.0,00,Mar_3_2020,us,21,20.19,66.67,80,177.78,114,1036.36,10,,10,,0.0,0.0,0.04,0.0,2020-03-03,,
161,12,1390.0,207.0,00,Mar_4_2020,us,36,28.8,20.0,101,168.33,150,1363.64,12,,12,,0.0,0.0,0.05,0.0,2020-03-04,,
228,12,1913.0,275.0,00,Mar_5_2020,us,67,41.61,0.0,168,280.0,217,1972.73,12,,12,,0.0,0.0,0.07,0.0,2020-03-05,,
311,15,2596.0,387.0,00,Mar_6_2020,us,83,36.4,25.0,246,378.46,299,2491.67,15,,15,,0.0,0.0,0.1,0.0,2020-03-06,,
428,19,3215.0,538.0,00,Mar_7_2020,us,117,37.62,26.67,358,511.43,416,3466.67,18,1800.0,19,,0.0,0.0,0.13,0.01,2020-03-07,,
547,22,3903.0,721.0,00,Mar_8_2020,us,119,27.8,15.79,459,521.59,535,4458.33,19,633.33,22,,0.0,0.0,0.17,0.01,2020-03-08,,
748,26,5407.0,1013.0,00,Mar_9_2020,us,201,36.75,18.18,644,619.23,736,6133.33,20,333.33,26,,0.0,0.0,0.23,0.01,2020-03-09,,
1336754,79693,7637355.0,1322807.0,00,May_10_2020,us,20311,1.54,1.18,171760,14.74,837457,167.73,11919,17.59,58665,278.99,0.41,0.02,413.98,24.68,2020-05-10,,
1354350,80683,8008046.0,1340412.0,00,May_11_2020,us,17596,1.32,1.24,167431,14.11,823339,155.05,11850,17.22,57578,249.2,0.42,0.02,419.43,24.99,2020-05-11,,
1109433,64860,5456921.0,1095681.0,00,May_1_2020,us,33959,3.16,2.79,199962,21.99,894272,415.63,13668,26.7,59545,1120.32,0.34,0.02,343.58,20.09,2020-05-01,,
1138901,66443,5679522.0,1125719.0,00,May_2_2020,us,29468,2.66,2.44,195158,20.68,894282,365.58,13291,25.01,59901,915.64,0.35,0.02,352.71,20.58,2020-05-02,,
1164994,67774,5901360.0,1152006.0,00,May_3_2020,us,26093,2.29,2.0,194644,20.06,887732,320.18,13367,24.57,59872,757.68,0.36,0.02,360.79,20.99,2020-05-03,,
1186919,68833,6111921.0,1173453.0,00,May_4_2020,us,21925,1.88,1.56,193215,19.44,874422,279.82,12853,22.96,59367,627.16,0.37,0.02,367.58,21.32,2020-05-04,,
1210626,71067,6348723.0,1195605.0,00,May_5_2020,us,23707,2.0,3.25,192270,18.88,872671,258.22,12693,21.74,60239,556.33,0.37,0.02,374.92,22.01,2020-05-05,,
1235131,73775,6566236.0,1220557.0,00,May_6_2020,us,24505,2.02,3.81,190072,18.19,867564,236.03,12887,21.17,61445,498.34,0.38,0.02,382.51,22.85,2020-05-06,,
1263943,75734,6842724.0,1248137.0,00,May_7_2020,us,28812,2.33,2.66,188469,17.52,864591,216.5,12636,20.03,61155,419.47,0.39,0.02,391.43,23.45,2020-05-07,,
1291528,77308,7114090.0,1275916.0,00,May_8_2020,us,27585,2.18,2.08,182095,16.41,860359,199.54,12448,19.19,60635,363.67,0.4,0.02,399.97,23.94,2020-05-08,,
1316443,78762,7385405.0,1301095.0,00,May_9_2020,us,24915,1.93,1.88,177542,15.59,850597,182.59,12319,18.54,59990,319.57,0.41,0.02,407.69,24.39,2020-05-09,,
